   994.0000    301.6683     21.7693
    24.0000    301.6683     21.7693     -2.1213      2.1213
   206.5118    302.4177     22.2323     -1.0456      4.0322
   364.6181    304.9556     21.2899     -0.1137      5.6875
   487.4296    305.7408     20.5447      0.6101      6.9734
   670.0000    306.9108     19.4754      2.3294      8.6933
  1106.4510    307.6449     19.0405      7.7135      9.1925
  1410.0000    308.1306     18.7366      7.0707      8.4265
  1706.7921    309.2594     17.0494      8.4853      8.4853
  2641.2281    312.7592     12.5164      5.6569      5.6569
  2864.8426    313.5838     11.5912      4.8006      5.6971
  3070.0000    314.6338     10.3646      4.0150      5.7341
  3369.3958    317.9201      9.3664      4.0070      6.3730
  3629.5860    319.1238      9.2783      4.0000      6.9282
  4243.5523    321.9465      9.0666      5.6739      6.8965
  4284.3409    322.6669      8.4014      5.7851      6.8944
  4421.7811    325.1046      6.4662      7.3939      6.2948
  4603.9540    325.9089      6.4065      9.5263      5.5000
  5267.6283    328.8145      6.1876      6.8792      4.6177
  5840.0000    332.9736      4.1996      4.5963      3.8567
  6341.9609    336.6357      3.5331      5.3684      3.9642
  6545.2332    336.6365      1.5734      5.6812      4.0077
  6579.6301    336.8251      1.6457      5.7341      4.0150
  6914.1527    338.6562      2.5264      5.4256      2.5490
  7077.7331    339.4052      1.1812      5.2748      1.8321
  7339.1734    341.3659      2.4532      5.0337      0.6863
  7396.3486    341.7837      1.5419      4.9810      0.4358
  7590.0000    343.2004      0.2657      3.8637      1.0353
  7608.8812    343.4459      0.0991      3.8342      1.1165
  7742.3900    343.5559      0.1084      3.6252      1.6905
  8036.6945    343.7709      0.1317      3.7900      0.7562
  8342.9497    345.1083      1.2728      3.9614     -0.2160
  8384.7395    345.4486      1.2503      3.9848     -0.3486
  9156.2339    351.7689      0.8896      1.6634      2.1367
  9368.0651    352.1647      0.6739      1.0261      2.8191
  9684.9442    352.7261      0.4371      1.8126      0.8452
  9760.0000    352.8535      0.3933      1.9319      0.5176
  9977.1821    353.5605      0.3848      2.8978     -0.7765
 11003.1849    356.6980      0.3460      2.7362     -7.5175
 11060.0000    356.8615      0.3439      2.7362     -7.5175
 11114.7132    356.1920      0.3113      2.7212     -7.5608
 12546.0261    358.1475      0.0695      2.3294     -8.6933
 12580.0000    358.1808      0.0668      2.3294     -8.6933
 12908.0693    358.6471      0.0420      2.6881    -11.5331
 14420.0000    364.7922      0.0138      4.3412    -24.6202
 14958.8306    367.3057      0.0089      2.9941    -22.2555
 15746.3187    368.6473      0.0038      1.0252    -18.7996
 16156.3979    373.0890      0.0032      0.0000    -17.0000
 16483.6618    376.6558      0.0028     -1.3945    -15.9391
 16540.0014    377.2717      0.0028     -2.1135    -15.9449
 16830.0000    380.6371      0.0025     -5.8143    -15.9748
 17499.7816    387.5357      0.0018     -9.1772    -13.1064
 18184.8212    409.2209      0.0037    -11.5445     -7.2070
 18798.4734    417.6382      0.0030    -13.6650     -1.9223
 18880.0000    421.4720      0.0036    -13.9467     -1.2202
 18966.3823    424.6516      0.0040    -13.9467     -1.2202
 20550.1845    486.4318      0.0301    -13.8161     -2.2120
 20900.0000    496.9514      0.0364    -13.7873     -2.4311
 21423.9654    512.9373      0.0490    -13.5230     -3.6235
 22792.1278    556.9870      0.1049    -11.6756     -0.3231
 23323.4817    571.6667      0.1199    -10.9581      0.9587
 24110.0000    594.1053      0.1462    -11.9543      1.0459
 25038.2062    621.7363      0.1903    -12.6200      1.9968
 25292.6066    632.1737      0.2282    -12.8025      2.2574
 26740.0000    694.5967      0.6209    -15.7569      2.7784
 28682.3755    774.0200      1.5761    -13.6411      1.2137
 30188.9990    815.2384      1.4742    -12.0000     -0.0000
 31420.0000    850.4505      1.3875    -18.0000     -0.0000
